-8054332772323731071302050325879896774947991993618146744036517730059118
1
0
-476667471085
-1
1
16547147869352850580365890137155396163571313201350542635876
52740362803121998142734262303492494407140032041375227120249561377864240
-93874595629
0
79600100595783433217370649672374227302951283431268325674439
22007089859874557687354795857236884748177082368178607483991447915708138
-76382310840825625230683630687564477709780346018710211703463
0
1
0
200896062499134299656951336898466838917540340798867777940435335160044860953395980941180138112097309735631594101037399609671032132186331495273609598531966730972945653558819806475064353856858157445040809209560358463319644664891114256430017824141796753818192338642302693327818731986039603200000000000000000000000000000000000000000000
-175270690043269127835417380035800722065860715643936711718067196217552488980111338479
30125312616739898350941235412805444167288006589938516913217664595235293082416196646489731346619304452153199571284378624
67745439775874499109734778682288034229812154694307937360493
1
-19617972015644191492529933763310533880073078204151852272154389565144970
-14321915220442256762512146304875427549539815002305295282861219986134112
-398479111378
0
1
0
-65179944939292466767397332944133955384133218486919289861252
4080078017594045264496479401850133350383335476734818132723
1
0
1
1
0
19970047148358400105097580983132716284274144570926671423147637896726882
1
1
1
63890701140130019557877451642538144617010906409119333289436
132042597918899538151976603562496165724316422373482184808720860180056878478911832289629164868507927977823697932544638976
0
0
-55981667814159192213680297495391271388512050372769170140179616379007863
-38205310795458450353513626098305815447612350037534071129947902403105088
-1
17240480986816138438260419999129482634770600403216681393512
0
-26048803264325952605578470737502755292870668610368310147216
1081396758240290900504101305800329649720646107774902579144176636573226531909905153326984536526808240339776398934872029657993872907813436816097280000000000000000000000000
1
214952018969827877893327404604827657052830426257244315617610680574169298269986214922653209525659249294848
-4333819117014556479225956935484306170675185668404613830804486832420976
933262154439441526816992388562667004907159682643816214685929638952175999932299156089414639761565182862536979208272237582511852109168640000000000000000000000
1
1
-1
0
57651072073405564859932599378988824389544612769748785289578514753791226660795447787952561780489668440613028916503471522241703645767996810695135226278296742637606115134300787052991319431412379312540230792060250137088708811794424564833107085173464718985508999858791970609491066045711874321516918150905413944789377156315207186998055591451670633898714567745386826936678840548225648089961727875705444538167142818292862812160000000000000000000000000000000000000000000000000000000000
1
0
-1
0
1
23721732428800468856771473051394170805702085973808045661837377170052497697783313457227249544076486314839447086187187275319400401837013955325179315652376928996065123321190898603130880000000000000000000000000000000
1
292509369349301569068815180481773552003419272043053514672100535242441942363589054622883930786268803187059211939585703515345785120071002251720730101703194015956992000000000000000000000000000
179953963941162698689436499246176981045003198096192933600183461759562304
-1
0
